a = 1.0413039256876657 +- 0.0024950795267921293
b = 1.2069226837762392 +- 0.0011872394015923862
