a = 0.981151801222077 +- 0.012361241253508676
b = 1.0005276616827599 +- 0.0015801316638548743
