a = 2.5251140674980412 +- 0.0377350937864442
b = 0.9998045335099287 +- 0.0018390450042469464
