a1 = 0.007798551918718866 +- 0.000919476367334227
b1 = -0.46332242285077124 +- 0.03555671814434304
a2 = 0.0009330725626128758 +- 0.000919476367334227
b2 = -0.48691031487677466 +- 0.03555671814434304
