a = 191752.7877349799 +- 12602.850827518196
b = -0.5368060011685555 +- 0.016145248829167628
